,City,Latitude,Longitude,Max Temp,Humidity,Cloudiness,Wind Speed,Country,Date
0,Ugoofaaru,5.6667,73.0,81.39,79,16,12.86,MV,1610938800
1,Clyde River,70.4692,-68.5914,4.06,91,95,16.4,CA,1610938800
2,Emmett,43.8735,-116.4993,34.0,88,99,4.41,US,1610938800
3,Abhā,18.2164,42.5053,51.48,81,1,3.69,SA,1610938800
4,Ushuaia,-54.8,-68.3,48.58,83,68,5.93,AR,1610938800
5,Cabo San Lucas,22.8909,-109.9124,65.75,67,1,4.0,MX,1610938800
6,Upernavik,72.7868,-56.1549,14.95,90,84,9.91,GL,1610938800
7,Sturgeon Bay,44.8342,-87.377,28.33,90,95,8.23,US,1610938800
8,Nikolskoye,59.7035,30.7861,17.42,96,79,3.2,RU,1610938800
9,Fortuna,40.5982,-124.1573,52.29,89,59,5.39,US,1610938800
10,Fare,-16.7,-151.0167,81.86,75,0,13.0,PF,1610938800
11,Arraial do Cabo,-22.9661,-42.0278,75.83,84,56,27.07,BR,1610938800
12,Provincia di Lecce,40.2167,18.1667,39.18,85,57,10.87,IT,1610938800
13,Mataura,-46.1927,168.8643,53.22,88,75,3.51,NZ,1610938800
14,Akureyri,65.6835,-18.0878,31.93,97,95,5.41,IS,1610938800
15,Beaverlodge,55.2166,-119.4361,35.64,76,68,14.0,CA,1610938800
16,Mar del Plata,-38.0023,-57.5575,60.66,75,33,14.27,AR,1610938800
17,Mount Gambier,-37.8333,140.7667,66.45,59,75,9.93,AU,1610938800
18,Ati,13.2154,18.3353,66.97,22,5,11.39,TD,1610938800
19,Butaritari,3.0707,172.7902,80.69,77,52,18.57,KI,1610938800
20,Aklavik,68.2191,-135.0107,-10.39,87,91,6.51,CA,1610938800
21,São Miguel do Araguaia,-13.275,-50.1628,73.35,90,100,4.07,BR,1610938800
22,Albany,42.6001,-73.9662,32.23,85,49,5.88,US,1610938800
23,Shreveport,32.5251,-93.7502,47.19,54,1,5.01,US,1610938800
24,Sovetskaya Gavan',48.9723,140.2878,2.86,80,74,4.88,RU,1610938800
25,Makkah al Mukarramah,21.4267,39.8261,66.6,57,4,7.92,SA,1610938800
26,Bhīnmāl,25.0,72.25,64.72,58,0,0.45,IN,1610938800
27,Balakhninskiy,58.0106,114.2769,-37.79,73,63,2.06,RU,1610938800
28,Kirakira,-10.4544,161.9205,86.85,67,58,8.95,SB,1610938800
29,Saint-Philippe,-21.3585,55.7679,78.71,72,29,13.22,RE,1610938800
30,Rikitea,-23.1203,-134.9692,78.85,74,14,9.89,PF,1610938800
31,San Patricio,28.017,-97.5169,58.77,74,32,6.42,US,1610938800
32,Busselton,-33.65,115.3333,87.51,27,8,9.95,AU,1610938800
33,Chui,-33.6971,-53.4616,64.09,74,44,6.69,UY,1610938800
34,Karibib,-21.9333,15.8333,70.27,52,77,3.76,NA,1610938800
35,Lavrentiya,65.5833,-171.0,-12.03,82,100,9.15,RU,1610938800
36,Hobart,-42.8794,147.3294,65.48,53,68,17.02,AU,1610938800
37,Contamana,-7.3333,-75.0167,80.15,74,82,2.95,PE,1610938800
38,Havøysund,70.9963,24.6622,36.03,83,100,18.99,NO,1610938800
39,Ancud,-41.8697,-73.8203,54.0,89,0,2.68,CL,1610938800
40,Itoman,26.1247,127.6694,59.92,60,86,10.42,JP,1610938800
41,Ponca City,36.707,-97.0856,37.81,62,1,6.46,US,1610938800
42,Wuda,39.4994,106.7117,27.55,64,0,4.68,CN,1610938800
43,Esso,55.9333,158.7,17.64,91,100,5.57,RU,1610938800
44,Bathsheba,13.2167,-59.5167,78.35,79,46,19.48,BB,1610938800
45,Punta Arenas,-53.15,-70.9167,51.55,69,59,14.41,CL,1610938800
46,Lebu,-37.6167,-73.65,57.45,85,0,19.44,CL,1610938800
47,New Norfolk,-42.7826,147.0587,64.51,56,69,12.75,AU,1610938800
48,Palmer,42.1584,-72.3287,35.13,79,61,9.24,US,1610938800
49,Praia,14.9215,-23.5087,70.81,75,4,12.66,CV,1610938800
50,Margate,51.3813,1.3862,40.53,83,43,14.94,GB,1610938800
51,Bluff,-46.6,168.3333,53.33,80,88,18.19,NZ,1610938800
52,Heves,47.6,20.2833,20.23,98,64,3.44,HU,1610938800
53,Dikson,73.5069,80.5464,-23.19,84,35,17.78,RU,1610938800
54,Qaanaaq,77.484,-69.3632,-0.89,73,0,6.71,GL,1610938800
55,Sakaiminato,35.55,133.2333,39.45,83,69,14.72,JP,1610938800
56,Barrow,71.2906,-156.7887,-6.68,84,69,12.71,US,1610938800
57,Samarai,-10.6167,150.6667,86.02,72,78,14.67,PG,1610938800
58,Faanui,-16.4833,-151.75,82.02,74,0,13.35,PF,1610938800
59,Naze,28.3667,129.4833,54.18,68,58,13.13,JP,1610938800
60,Ayagoz,47.9714,80.4392,10.96,83,10,2.86,KZ,1610938800
61,Port Alfred,-33.5906,26.891,68.5,79,75,6.4,ZA,1610938800
62,Vardø,70.3705,31.1107,34.47,88,100,15.73,NO,1610938800
63,Atar,20.5169,-13.0499,62.89,26,100,14.61,MR,1610938800
64,Phonhong,18.5007,102.4166,71.78,49,55,2.08,LA,1610938800
65,Portland,45.5234,-122.6762,47.1,83,87,0.6,US,1610938800
66,Bredasdorp,-34.5322,20.0403,65.55,80,29,10.33,ZA,1610938800
67,Ilave,-16.0833,-69.6667,46.83,80,67,2.19,PE,1610938800
68,Wilmington,34.2257,-77.9447,43.57,61,38,7.65,US,1610938800
69,Conde,-7.2597,-34.9075,76.44,83,45,7.76,BR,1610938800
70,Nanortalik,60.1432,-45.2371,27.05,92,100,5.1,GL,1610938800
71,Byron Bay,-28.65,153.6167,79.29,71,83,9.37,AU,1610938800
72,Yellowknife,62.456,-114.3525,-0.98,89,95,6.93,CA,1610938800
73,Kavieng,-2.5744,150.7967,86.29,69,34,16.75,PG,1610938800
74,Saldanha,-33.0117,17.9442,65.46,84,0,9.57,ZA,1610938800
75,Oranjemund,-28.55,16.4333,61.97,91,0,2.21,NA,1610938800
76,Wenling,28.3669,121.36,50.86,61,0,1.07,CN,1610938800
77,Titay,7.8125,122.5344,76.66,89,99,2.04,PH,1610938800
78,Āsosa,10.0667,34.5333,65.89,36,37,6.33,ET,1610938800
79,Coahuayana Viejo,18.7333,-103.6833,75.4,81,72,2.66,MX,1610938800
80,Angoche,-16.2325,39.9086,78.49,90,92,8.63,MZ,1610938800
81,Nemuro,43.3236,145.575,25.5,82,25,12.66,JP,1610938800
82,Hithadhoo,-0.6,73.0833,80.69,71,52,8.39,MV,1610938800
83,Vaini,-21.2,-175.2,84.76,76,87,10.25,TO,1610938800
84,Tuktoyaktuk,69.4541,-133.0374,-6.0,87,95,9.82,CA,1610938800
85,Puerto Ayora,-0.7393,-90.3518,74.98,91,35,5.95,EC,1610938800
86,Ilulissat,69.2167,-51.1,15.26,86,85,9.33,GL,1610938800
87,Cap Malheureux,-19.9842,57.6142,80.38,76,81,20.42,MU,1610938800
88,Severo-Kuril'sk,50.6789,156.125,23.14,90,92,38.41,RU,1610938800
89,Hilo,19.7297,-155.09,75.18,75,63,8.59,US,1610938800
90,Nelson Bay,-32.7167,152.15,77.83,57,96,12.8,AU,1610938800
91,Broome,42.2506,-75.833,30.87,89,90,7.63,US,1610938800
92,Arlit,18.7369,7.3853,62.22,28,82,4.99,NE,1610938800
93,Ponta do Sol,32.6667,-17.1,55.94,65,82,2.13,PT,1610938800
94,Kiama,-34.6833,150.8667,76.62,64,4,12.28,AU,1610938800
95,Nampa,43.5407,-116.5635,34.84,94,49,5.84,US,1610938800
96,George Town,5.4112,100.3354,80.01,65,54,7.16,MY,1610938800
97,Anadyr,64.75,177.4833,-18.62,77,39,6.13,RU,1610938800
98,Bambous Virieux,-20.3428,57.7575,79.5,79,79,16.13,MU,1610938800
99,Kaitangata,-46.2817,169.8464,54.23,79,82,4.83,NZ,1610938800
100,Esperance,-33.8667,121.9,75.0,44,0,14.0,AU,1610938800
101,Jamestown,42.097,-79.2353,29.82,98,95,8.32,US,1610938800
102,Krasnoarmeysk,51.0239,45.6969,-4.63,91,100,6.55,RU,1610938800
103,Queenstown,51.8572,-8.2992,41.61,86,87,8.12,IE,1610938800
104,Chokurdakh,70.6333,147.9167,-27.4,84,100,6.44,RU,1610938800
105,Fairbanks,64.8378,-147.7164,11.55,89,1,2.62,US,1610938800
106,Rosetta,31.4044,30.4164,56.55,68,40,16.35,EG,1610938800
107,Thompson,55.7435,-97.8558,-13.25,86,87,3.04,CA,1610938800
108,Souillac,-20.5167,57.5167,79.11,79,65,15.41,MU,1610938800
109,Norman Wells,65.282,-126.8329,-9.51,86,77,2.73,CA,1610938800
110,Ongandjera,-17.8833,15.0667,75.27,52,97,9.17,NA,1610938800
111,Kapaa,22.0752,-159.319,75.09,74,62,12.37,US,1610938800
112,Chanute,37.6792,-95.4572,35.35,71,1,5.44,US,1610938800
113,Port Hawkesbury,45.6169,-61.3485,37.26,83,82,20.65,CA,1610938800
114,Alice Springs,-23.7,133.8833,86.52,15,0,23.13,AU,1610938800
115,Severo-Yeniseyskiy,60.3725,93.0408,-2.38,93,100,4.65,RU,1610938800
116,Techiman,7.5862,-1.9414,74.44,57,10,2.17,GH,1610938800
117,Saint-Pierre,-21.3393,55.4781,79.63,68,3,7.4,RE,1610938800
118,Uyuni,-20.4597,-66.825,55.11,53,81,10.27,BO,1610938800
119,Manggar,-2.8833,108.2667,78.8,86,100,15.01,ID,1610938800
120,Pisco,-13.7,-76.2167,70.86,83,37,0.09,PE,1610938800
121,Marabu,4.4148,114.0089,80.73,83,69,8.14,MY,1610938800
122,Saint George,37.1041,-113.5841,49.59,35,1,1.97,US,1610938800
123,Texas City,29.3838,-94.9027,55.09,65,38,6.51,US,1610938800
124,Sola,-13.8833,167.55,83.52,78,36,11.61,VU,1610938800
125,Laguna,38.421,-121.4238,56.43,64,3,1.23,US,1610938800
126,Houston,29.7633,-95.3633,57.51,37,46,4.12,US,1610938800
127,Cape Town,-33.9258,18.4232,67.12,81,0,7.23,ZA,1610938800
128,Oxchuc,16.85,-92.4167,53.69,100,53,0.72,MX,1610938800
129,Nurota,40.5614,65.6886,48.06,50,100,6.85,UZ,1610938800
130,Avarua,-21.2078,-159.775,82.89,68,59,5.26,CK,1610938800
131,Inhambane,-23.865,35.3833,77.67,90,100,13.73,MZ,1610938800
132,Socorro,31.6546,-106.3033,53.19,25,1,5.82,US,1610938800
133,Sompeta,18.9333,84.6,73.42,75,23,5.28,IN,1610938800
134,Port Elizabeth,-33.918,25.5701,66.0,81,71,6.76,ZA,1610938800
135,Luwuk,-0.9516,122.7875,84.83,72,100,1.25,ID,1610938800
136,Muroto-misakicho,33.2833,134.15,44.33,48,10,11.61,JP,1610938800
137,Saskylakh,71.9167,114.0833,-28.28,84,71,6.33,RU,1610938800
138,Avera,33.194,-82.5271,44.17,73,38,8.32,US,1610938800
139,Sangar,63.9242,127.4739,-40.47,80,100,4.45,RU,1610938800
140,Dickinson,29.4608,-95.0513,54.61,48,1,4.99,US,1610938800
141,Bengkulu,-3.8004,102.2655,79.52,84,98,5.97,ID,1610938800
142,Yafran,32.0633,12.5286,41.67,66,0,9.15,LY,1610938800
143,Syracuse,37.0881,15.2792,53.53,70,44,18.37,IT,1610938800
144,Itarema,-2.9248,-39.9167,79.63,79,96,10.56,BR,1610938800
145,Takoradze,4.8845,-1.7554,78.55,87,1,5.91,GH,1610938800
146,North Bend,43.4065,-124.2243,49.24,89,48,9.73,US,1610938800
147,Longyearbyen,78.2186,15.6401,14.56,79,84,11.16,SJ,1610938800
148,Comodoro Rivadavia,-45.8667,-67.5,74.59,36,49,16.71,AR,1610938800
149,Pevek,69.7008,170.3133,-29.97,85,7,3.22,RU,1610938800
150,Poronaysk,49.2167,143.1167,-2.96,84,86,2.64,RU,1610938800
151,Lüderitz,-26.6481,15.1594,63.32,81,6,8.66,NA,1610938800
152,Viranşehir,37.2353,39.7631,42.58,86,68,11.54,TR,1610938800
153,Ust-Maya,60.4167,134.5333,-43.87,77,86,1.41,RU,1610938800
154,Isangel,-19.55,169.2667,86.81,72,74,1.99,VU,1610938800
155,Ozernovskiy,51.5,156.5167,22.75,92,100,36.69,RU,1610938800
156,Te Anau,-45.4167,167.7167,45.09,90,97,2.77,NZ,1610938800
157,Cherskiy,68.75,161.3,-32.89,83,97,1.86,RU,1610938800
158,Nome,64.5011,-165.4064,5.81,87,100,5.53,US,1610938800
159,Jinxiang,27.4327,120.6062,49.03,57,2,4.14,CN,1610938800
160,Laytown,53.6819,-6.2392,42.58,83,59,17.49,IE,1610938800
161,Irbit,57.6705,63.071,-4.22,90,41,7.18,RU,1610938800
162,Siniscola,40.5719,9.6922,47.25,86,56,9.69,IT,1610938800
163,Ialibu,-6.2821,143.9935,69.4,74,89,2.91,PG,1610938800
164,Akonolinga,3.7667,12.25,68.4,95,69,2.37,CM,1610938800
165,Tabou,4.423,-7.3528,78.21,84,2,5.61,CI,1610938800
166,Hermanus,-34.4187,19.2345,66.2,81,7,13.8,ZA,1610938800
167,Kysyl-Syr,63.8986,122.7617,-38.29,81,100,3.85,RU,1610938800
168,Bhiwāni,28.7833,76.1333,52.47,59,0,7.25,IN,1610938800
169,Palo Alto,37.4419,-122.143,60.31,55,9,3.15,US,1610938800
170,Ust'-Omchug,61.15,149.6333,-23.58,82,100,11.01,RU,1610938800
171,Tabuk,17.4189,121.4443,70.3,87,97,11.68,PH,1610938800
172,Waverly,42.7392,-84.6208,29.88,99,95,5.1,US,1610938800
173,Carnarvon,-24.8667,113.6333,90.9,59,79,2.46,AU,1610938800
174,São Filipe,14.8961,-24.4956,72.14,72,0,6.6,CV,1610938800
175,Bandarbeyla,9.4942,50.8122,73.76,74,14,12.39,SO,1610938800
176,San Quintín,30.4833,-115.95,67.21,41,0,1.92,MX,1610938800
177,Sretensk,52.2453,117.7093,-19.46,78,0,2.59,RU,1610938800
178,Saint Paul Harbor,57.79,-152.4072,36.54,77,76,17.34,US,1610938800
179,Viedma,-40.8135,-62.9967,65.52,46,0,9.95,AR,1610938800
180,Bilma,18.6853,12.9164,59.49,31,98,15.03,NE,1610938800
181,Mil'kovo,54.7167,158.6167,10.31,94,100,5.75,RU,1610938800
182,Cidreira,-30.1811,-50.2056,73.38,92,100,13.78,BR,1610938800
183,Acapulco de Juárez,16.8634,-99.8901,78.46,75,35,4.45,MX,1610938800
184,Porto-Novo,6.4965,2.6036,79.7,86,40,3.62,BJ,1610938800
185,Afonino,56.262,44.095,-16.83,83,42,1.36,RU,1610938800
186,Iqaluit,63.7506,-68.5145,-15.92,73,32,3.51,CA,1610938800
187,Bogorodskoye,56.55,37.8833,-11.96,90,11,2.68,RU,1610938800
188,Waingapu,-9.6567,120.2641,81.57,78,95,6.53,ID,1610938800
189,Nouadhibou,20.931,-17.0347,65.64,43,0,20.0,MR,1610938800
190,Kisangani,0.5167,25.2,70.48,90,85,1.39,CD,1610938800
191,Bath,51.3779,-2.3591,38.07,94,65,7.56,GB,1610938800
192,Wanning,18.8003,110.3967,61.99,65,1,13.98,CN,1610938800
193,Airai,-8.9266,125.4092,70.27,93,100,1.01,TL,1610938800
194,Solnechnyy,50.7214,136.6319,-7.89,85,91,3.47,RU,1610938800
195,Dubbo,-32.25,148.6167,87.67,21,12,6.08,AU,1610938800
196,Kumul,42.8,93.45,20.21,74,0,0.43,CN,1610938800
197,Muros,42.7762,-9.0603,51.53,88,3,5.91,ES,1610938800
198,Saint-Ambroise,48.5501,-71.3324,27.07,95,100,12.12,CA,1610938800
199,Alexandria,31.2156,29.9553,57.69,64,32,14.2,EG,1610938800
200,Caucayá,-0.1934,-74.7819,76.28,70,71,2.21,CO,1610938800
201,Mossamedes,-15.1961,12.1522,72.09,76,85,7.4,AO,1610938800
202,Codrington,-38.2667,141.9667,63.03,71,90,16.17,AU,1610938800
203,Brigantine,39.4101,-74.3646,41.59,66,52,15.14,US,1610938800
204,Kokstad,-30.5472,29.4241,58.32,90,94,1.52,ZA,1610938800
205,Salta,-24.7859,-65.4117,60.48,71,1,2.71,AR,1610938800
206,Dolisie,-4.1997,12.6739,70.77,95,95,1.72,CG,1610938800
207,Aquiraz,-3.9014,-38.3911,81.05,76,59,13.04,BR,1610938800
208,Rocha,-34.4833,-54.3333,61.66,84,4,5.82,UY,1610938800
209,Saint-François,46.4154,3.9054,34.2,95,85,2.73,FR,1610938800
210,Bom Jardim,-7.7958,-35.5872,71.62,88,56,5.37,BR,1610938800
211,Flinders,-34.5833,150.8552,77.5,62,5,12.86,AU,1610938800
212,Guerrero Negro,27.9769,-114.0611,69.03,34,0,7.63,MX,1610938800
213,Genhe,50.7833,121.5167,-18.36,78,14,3.53,CN,1610938800
214,Boa Vista,2.8197,-60.6733,81.81,63,82,10.31,BR,1610938800
215,Tiksi,71.6872,128.8694,-21.44,87,100,7.36,RU,1610938800
216,Roura,4.7263,-52.3274,76.8,90,72,5.08,GF,1610938800
217,Ostrovnoy,68.0531,39.5131,16.11,95,99,20.69,RU,1610938800
218,Akşehir,38.3575,31.4164,21.45,91,62,1.28,TR,1610938800
219,Charleston,32.7766,-79.9309,46.76,67,47,10.27,US,1610938800
220,Cayenne,4.9333,-52.3333,78.39,87,73,11.77,GF,1610938800
221,Adrar,20.5022,-10.0711,59.2,30,99,14.94,MR,1610938800
222,Imeni Poliny Osipenko,52.4201,136.4853,-10.57,88,100,3.31,RU,1610938800
223,The Valley,18.217,-63.0578,77.9,78,40,19.77,AI,1610938800
224,Provideniya,64.3833,-173.3,-3.64,79,72,7.52,RU,1610938800
225,Palana,59.1167,159.9667,5.95,92,100,26.02,RU,1610938800
226,Bereda,43.2686,-7.5406,40.55,98,11,1.16,ES,1610938800
227,Hasaki,35.7333,140.8333,42.35,81,87,12.17,JP,1610938800
228,Tautira,-17.7333,-149.15,83.44,70,25,11.41,PF,1610938800
229,Castro,-24.7911,-50.0119,65.3,96,100,7.54,BR,1610938800
230,Egvekinot,66.3167,-179.1667,-15.88,86,100,10.54,RU,1610938800
231,Soyo,-6.1349,12.3689,78.55,81,81,8.21,AO,1610938800
232,Beloha,-25.1667,45.05,75.63,77,92,4.85,MG,1610938800
233,Aykhal,66.0,111.5,-33.34,81,97,2.68,RU,1610938800
234,Kruisfontein,-34.0033,24.7314,65.52,82,67,5.86,ZA,1610938800
235,Wollongong,-34.4333,150.8833,80.24,56,7,10.25,AU,1610938800
236,Farīdpur,23.6,89.8333,67.35,73,3,3.65,BD,1610938800
237,Independence,39.0911,-94.4155,30.72,81,13,4.09,US,1610938800
238,Mae Ramat,16.984,98.5166,76.32,46,22,5.7,TH,1610938800
239,Morón,-34.6534,-58.6198,70.05,51,0,5.68,AR,1610938800
240,Alta Floresta,-9.8756,-56.0861,71.49,96,81,2.37,BR,1610938800
241,Pedernales,18.0384,-71.744,76.26,68,100,2.53,DO,1610938800
242,Gizo Government Station,-8.103,156.8419,85.6,72,30,10.63,SB,1610938800
243,Khatanga,71.9667,102.5,-25.64,81,0,14.36,RU,1610938800
244,Atuona,-9.8,-139.0333,78.82,78,55,15.93,PF,1610938800
245,Cairns,-16.9167,145.7667,80.37,86,87,9.91,AU,1610938800
246,Petropavlovsk-Kamchatskiy,53.0452,158.6483,23.72,74,87,28.81,RU,1610938800
247,Mandalgovi,45.7625,106.2708,9.09,86,21,6.02,MN,1610938800
248,Nishihara,26.1842,127.7558,59.54,51,86,8.93,JP,1610938800
249,Tiznit Province,29.5833,-9.5,52.57,46,0,1.45,MA,1610938800
250,Baykit,61.67,96.37,-18.6,83,100,2.71,RU,1610938800
251,Manokwari,-0.8667,134.0833,84.02,71,100,5.93,ID,1610938800
252,Port Shepstone,-30.7414,30.455,72.18,78,95,8.37,ZA,1610938800
253,Arrondissement de Bastia,42.6667,9.3333,42.85,83,12,1.21,FR,1610938800
254,Los Llanos de Aridane,28.6585,-17.9182,61.47,67,84,7.11,ES,1610938800
255,Metro,-5.1131,105.3067,82.56,82,85,14.56,ID,1610938800
256,Coari,-4.085,-63.1414,75.31,91,34,1.99,BR,1610938800
257,Kem',64.9555,34.5793,16.72,96,75,7.49,RU,1610938800
258,Phuket,8.0,98.25,82.27,68,22,12.48,TH,1610938800
259,Chipinge,-20.1883,32.6236,65.95,100,100,2.04,ZW,1610938800
260,Sabalgarh,26.25,77.4,59.61,41,73,9.28,IN,1610938800
261,Talnakh,69.4865,88.3972,-6.63,82,100,4.52,RU,1610938800
262,Bagan,54.1001,77.6646,13.41,94,57,13.29,RU,1610938800
263,Yinchuan,38.4681,106.2731,29.39,65,0,4.36,CN,1610938800
264,Dawei,14.0833,98.2,78.12,50,40,12.64,MM,1610938800
265,Puerto Madryn,-42.7692,-65.0385,68.45,52,9,17.38,AR,1610938800
266,Bucerías,20.75,-105.3333,66.79,81,1,2.37,MX,1610938800
267,Bethel,41.3712,-73.414,36.0,72,69,8.7,US,1610938800
268,São Félix do Xingu,-6.6447,-51.995,72.86,94,63,0.69,BR,1610938800
269,Ahipara,-35.1667,173.1667,68.99,56,17,10.85,NZ,1610938800
270,Am Timan,11.0297,20.2827,67.37,23,51,6.82,TD,1610938800
271,Bulawayo,-20.15,28.5833,65.59,94,98,6.17,ZW,1610938800
272,Sfântu Gheorghe,45.8667,25.7833,13.5,92,99,3.71,RO,1610938800
273,Aswān,24.0934,32.907,54.55,43,16,8.61,EG,1610938800
274,‘Āhuimanu,21.4447,-157.8378,78.3,64,52,6.2,US,1610938800
275,Tasiilaq,65.6145,-37.6368,18.36,71,2,8.81,GL,1610938800
276,Tuatapere,-46.1333,167.6833,53.64,84,76,8.19,NZ,1610938800
277,Andros Town,24.7,-77.7667,67.14,68,70,8.12,BS,1610938800
278,Katangli,51.7102,143.2326,-9.87,85,67,5.84,RU,1610938800
279,Honiara,-9.4333,159.95,86.36,68,51,6.64,SB,1610938800
280,Ribeira Grande,38.5167,-28.7,62.58,79,73,28.95,PT,1610938800
281,Nísia Floresta,-6.0911,-35.2086,77.74,75,56,7.92,BR,1610938800
282,Nacala,-14.5428,40.6728,79.0,89,76,7.63,MZ,1610938800
283,Urazovo,50.0836,38.0395,7.12,94,100,6.62,RU,1610938800
284,Kalocsa,46.5264,18.9858,20.84,93,8,6.6,HU,1610938800
285,Lamar,33.6668,-95.5836,41.41,55,1,3.8,US,1610938800
286,Acajutla,13.5928,-89.8275,78.64,67,55,7.72,SV,1610938800
287,Husavik,66.0449,-17.3389,34.66,96,95,13.49,IS,1610938800
288,Dakar,14.6937,-17.4441,73.38,55,95,17.45,SN,1610938800
289,Novy Urengoy,66.0833,76.6333,-9.11,91,100,10.2,RU,1610938800
290,Oistins,13.0667,-59.5333,78.37,78,41,19.44,BB,1610938800
291,Saint-Augustin,51.226,-58.6502,36.19,94,100,8.84,CA,1610938800
292,Progreso,21.2833,-89.6667,72.34,50,81,6.85,MX,1610938800
293,Misratah,32.3754,15.0925,54.28,65,29,18.07,LY,1610938800
294,Bozhou,33.8772,115.7703,44.64,69,0,6.51,CN,1610938800
295,Mahébourg,-20.4081,57.7,79.23,79,76,16.4,MU,1610938800
296,Kamyshevatskaya,46.4132,37.9563,23.09,96,100,11.54,RU,1610938800
297,Key West,24.5557,-81.7826,66.49,73,87,5.61,US,1610938800
298,Malartic,48.1335,-78.1328,6.42,90,95,7.31,CA,1610938800
299,Rawson,-43.3002,-65.1023,68.49,51,13,14.97,AR,1610938800
300,Shimoda,34.6667,138.95,48.22,58,11,22.41,JP,1610938800
301,Taltal,-25.4,-70.4833,65.32,76,13,4.72,CL,1610938800
302,Vanimo,-2.6741,141.3028,85.15,74,96,8.28,PG,1610938800
303,Beatrice,40.2681,-96.747,28.83,88,1,2.82,US,1610938800
304,Yulara,-25.2406,130.9889,88.29,12,0,17.52,AU,1610938800
305,Pangnirtung,66.1451,-65.7125,-16.19,78,39,2.44,CA,1610938800
306,Sombrerete,23.6333,-103.65,51.73,41,0,3.78,MX,1610938800
307,Nha Trang,12.25,109.1833,75.09,61,58,16.15,VN,1610938800
308,Kangasala,61.4638,24.076,20.7,95,90,5.41,FI,1610938800
309,Great Sankey,53.3923,-2.6399,40.33,86,40,8.75,GB,1610938800
310,Taraz,42.9,71.3667,34.77,69,100,3.13,KZ,1610938800
311,Coria,39.9879,-6.5377,34.47,86,3,2.66,ES,1610938800
312,Vaitape,-16.5167,-151.75,82.04,74,0,13.33,PF,1610938800
313,Kipini,-2.5257,40.5262,77.41,87,40,7.49,KE,1610938800
314,Sarankhola,22.3082,89.7897,71.29,68,0,2.48,BD,1610938800
315,Twentynine Palms,34.1356,-116.0542,58.05,26,1,3.27,US,1610938800
316,Trelew,-43.249,-65.3051,71.44,42,6,13.31,AR,1610938800
317,Gunjur,13.2019,-16.7339,72.82,38,94,13.85,GM,1610938800
318,Christchurch,-43.5333,172.6333,69.35,36,58,6.82,NZ,1610938800
319,Haukipudas,65.1765,25.3523,24.57,96,95,6.55,FI,1610938800
320,Bosobolo,4.1833,19.9,68.54,87,75,1.57,CD,1610938800
321,Elizabeth City,36.2946,-76.2511,39.74,74,49,8.55,US,1610938800
322,Rincon,32.296,-81.2354,42.1,67,69,4.7,US,1610938800
323,Telford,52.6766,-2.4493,36.75,91,21,8.28,GB,1610938800
324,Harper,4.375,-7.7169,78.39,83,5,6.24,LR,1610938800
325,Anchorage,61.2181,-149.9003,33.89,85,95,2.46,US,1610938800
326,Fitii,-16.7333,-151.0333,81.43,76,0,12.95,PF,1610938800
327,Chimbote,-9.0853,-78.5783,70.3,82,79,5.95,PE,1610938800
328,Vinh,18.6667,105.6667,59.68,66,44,10.92,VN,1610938800
329,Caravelas,-17.7125,-39.2481,73.96,86,0,3.38,BR,1610938800
330,Lompoc,34.6391,-120.4579,62.29,52,0,2.06,US,1610938800
331,Takāb,36.4009,47.1133,30.16,95,72,3.67,IR,1610938800
332,Albania,41.0,20.0,30.42,82,0,6.78,AL,1610938800
333,Geraldton,-28.7667,114.6,88.27,45,45,7.43,AU,1610938800
334,Salinas,36.6777,-121.6555,59.2,61,1,1.52,US,1610938800
335,Al Bardīyah,31.7561,25.0865,51.26,64,25,17.81,LY,1610938800
336,kimparana,12.8347,-4.9244,69.1,22,68,9.62,ML,1610938800
337,Totness,5.8833,-56.3167,77.14,86,100,9.64,SR,1610938800
338,Celestún,20.8667,-90.4,68.54,68,91,10.69,MX,1610938800
339,Nokaneng,-19.6667,22.2667,70.56,88,99,6.06,BW,1610938800
340,Santa Cruz de Tenerife,28.4682,-16.2546,61.25,79,41,9.46,ES,1610938800
341,Leningradskiy,69.3833,178.4167,-26.43,82,39,6.71,RU,1610938800
342,Constitución,-35.3333,-72.4167,61.74,68,0,10.65,CL,1610938800
343,Lingyuan,41.24,119.4011,7.16,84,7,11.63,CN,1610938800
344,Funchal,32.6333,-16.9,56.66,66,84,3.18,PT,1610938800
345,Khuzhir,53.1939,107.3397,6.44,93,100,12.39,RU,1610938800
346,Mola di Bari,41.0609,17.0873,41.4,87,72,5.5,IT,1610938800
347,Coquimbo,-29.9533,-71.3436,60.46,86,20,0.76,CL,1610938800
348,East London,-33.0153,27.9116,69.39,72,81,4.99,ZA,1610938800
349,Banda Aceh,5.5577,95.3222,80.83,81,90,15.17,ID,1610938800
350,Ganzhou,28.8184,115.4327,49.6,56,0,2.73,CN,1610938800
351,Flin Flon,54.7682,-101.865,-7.42,90,79,4.05,CA,1610938800
352,Hastings,50.8552,0.5729,40.39,81,50,9.57,GB,1610938800
353,Omīdīyeh,30.7597,49.705,59.14,77,76,5.19,IR,1610938800
354,Fort Frances,48.5999,-93.4003,14.31,88,93,6.55,CA,1610938800
355,Saint Anthony,45.0205,-93.218,19.29,89,89,2.89,US,1610938800
356,Albemarle,35.3501,-80.2001,35.51,89,12,7.25,US,1610938800
357,Pointe Michel,15.25,-61.3833,77.95,77,20,14.5,DM,1610938800
358,Vallenar,-28.5708,-70.7581,66.61,56,0,1.66,CL,1610938800
359,Vilyuysk,63.7553,121.6247,-36.53,82,100,2.89,RU,1610938800
360,Gamba,-2.65,10.0,77.22,85,100,4.74,GA,1610938800
361,Queenstown,-31.8976,26.8753,58.91,84,52,1.61,ZA,1610938800
362,Santa Rosa,14.3122,121.1114,81.88,72,56,17.34,PH,1610938800
363,Zambezi,-13.5432,23.1047,65.66,90,99,6.46,ZM,1610938800
364,Kalabo,-14.97,22.6814,68.9,74,100,3.89,ZM,1610938800
365,Yangi Marg`ilon,40.4272,71.7189,35.8,73,94,1.79,UZ,1610938800
366,Manche,49.0,-1.1667,37.02,95,80,4.63,FR,1610938800
367,Makubetsu,45.3714,141.8211,21.54,82,87,23.06,JP,1610938800
368,Warwick,41.7001,-71.4162,38.41,67,20,11.21,US,1610938800
369,Las Lomas,8.4333,-82.4,75.85,84,22,4.41,PA,1610938800
370,Paamiut,61.994,-49.6678,26.83,90,100,8.1,GL,1610938800
371,Clarence Town,-32.5833,151.7833,86.47,42,93,1.66,AU,1610938800
372,Terney,45.0503,136.6092,13.35,80,26,1.74,RU,1610938800
373,Zaria,11.1113,7.7227,66.61,23,50,10.47,NG,1610938800
374,Seoul,37.5683,126.9778,37.38,73,87,16.8,KR,1610938800
375,Karachi,24.9056,67.0822,64.15,55,0,6.44,PK,1610938800
376,Klaksvík,62.2266,-6.589,39.54,86,47,8.05,FO,1610938800
377,Marawi,7.9986,124.2928,73.56,93,99,2.55,PH,1610938800
378,Aksu,41.1231,80.2644,14.22,84,0,2.46,CN,1610938800
379,Santo Domingo,18.5001,-69.9886,72.32,86,69,3.98,DO,1610938800
380,Skjervøy,70.0311,20.9714,35.85,88,100,14.18,NO,1610938800
381,Dukat,62.55,155.55,-32.26,82,100,5.82,RU,1610938800
382,Andrelândia,-21.7397,-44.3092,64.0,93,71,3.89,BR,1610938800
383,Benguela,-12.5763,13.4055,73.36,78,90,2.19,AO,1610938800
384,Tual,-5.6667,132.75,83.01,79,99,16.2,ID,1610938800
385,George,-33.963,22.4617,63.81,91,52,5.5,ZA,1610938800
386,Korla,41.7597,86.1469,18.18,80,54,3.11,CN,1610938800
387,Pokhara,28.2333,83.9833,62.83,43,0,0.78,NP,1610938800
388,Hualmay,-11.0964,-77.6139,70.2,83,81,5.68,PE,1610938800
389,Hamilton,39.1834,-84.5333,30.22,91,92,8.16,US,1610938800
390,Mugumu,-1.85,34.7,58.62,95,100,3.51,TZ,1610938800
391,Lerwick,60.1545,-1.1494,42.01,69,69,16.64,GB,1610938800
392,Henties Bay,-22.116,14.2845,65.28,86,34,4.32,NA,1610938800
393,Bochil,16.9833,-92.9167,65.73,84,79,3.02,MX,1610938800
394,Ōdachō-ōda,35.1833,132.5,41.7,76,66,15.35,JP,1610938800
395,Narsaq,60.9167,-46.05,22.73,70,87,6.55,GL,1610938800
396,Uglekamensk,43.2172,133.2303,13.26,85,99,5.08,RU,1610938800
397,Salalah,17.0151,54.0924,62.65,32,4,2.3,OM,1610938800
398,Gondanglegi,-7.7479,112.0132,85.33,73,65,3.87,ID,1610938800
399,Zhezkazgan,47.8043,67.7144,12.88,93,99,5.53,KZ,1610938800
400,Djebeniana,35.035,10.9081,52.34,58,0,15.05,TN,1610938800
401,Privolzhskiy,51.4,46.0333,-1.8,90,100,6.4,RU,1610938800
402,Hirara,24.8,125.2833,60.06,66,87,17.67,JP,1610938800
403,Turukhansk,65.8167,87.9833,-12.57,87,100,19.17,RU,1610938800
404,Torbay,47.6666,-52.7314,37.94,93,87,14.99,CA,1610938800
405,Guilin,25.2819,110.2864,53.82,50,40,2.89,CN,1610938800
406,Abalak,58.1286,68.5944,-9.36,90,80,7.85,RU,1610938800
407,Polson,47.6936,-114.1632,35.28,75,97,4.47,US,1610938800
408,Port Hedland,-20.3167,118.5667,99.32,33,5,6.69,AU,1610938800
409,Vila Franca do Campo,37.7167,-25.4333,60.93,90,66,25.86,PT,1610938800
410,Pemberton,50.3164,-122.8027,39.07,77,82,2.64,CA,1610938800
411,Juan de Ayolas,-27.4,-56.9,70.12,64,61,6.8,PY,1610938800
412,Ust'-Kulom,61.6864,53.6902,-3.24,92,99,3.22,RU,1610938800
413,São Desidério,-12.3633,-44.9733,71.01,85,100,2.57,BR,1610938800
414,Maceió,-9.6658,-35.7353,77.43,81,0,11.07,BR,1610938800
415,Boca do Acre,-8.7522,-67.3978,76.23,92,93,2.68,BR,1610938800
416,Porto de Moz,-1.7483,-52.2383,77.16,85,55,3.87,BR,1610938800
417,Kentau,43.5206,68.5094,39.33,67,100,3.04,KZ,1610938800
418,Leshukonskoye,64.8989,45.7622,-8.39,91,79,3.36,RU,1610938800
419,Raudeberg,61.9875,5.1352,39.63,77,65,15.57,NO,1610938800
420,Naryan-Mar,67.6713,53.087,-12.64,90,46,4.76,RU,1610938800
421,Linxia Chengguanzhen,35.6003,103.2064,31.55,55,0,0.45,CN,1610938800
422,Boguchany,58.3814,97.4531,-4.29,90,100,0.76,RU,1610938800
423,Rome,43.2128,-75.4557,31.98,92,94,9.15,US,1610938800
424,Tegul'det,57.3064,88.1667,18.0,95,100,14.43,RU,1610938800
425,Bemidji,47.4736,-94.8803,10.44,94,95,7.34,US,1610938800
426,Bridgetown,13.1,-59.6167,78.67,78,41,19.53,BB,1610938800
427,Taoudenni,22.6783,-3.9836,55.72,37,73,15.64,ML,1610938800
428,Talakan,50.3167,130.3667,-7.22,87,100,4.32,RU,1610938800
429,Bontang,0.1333,117.5,82.98,74,100,4.25,ID,1610938800
430,Hofn,64.2539,-15.2082,38.46,73,100,17.13,IS,1610938800
431,Plouzané,48.3833,-4.6167,46.02,78,95,9.69,FR,1610938800
432,Yataity,-26.3667,-56.0667,70.34,74,100,4.5,PY,1610938800
433,Tazovsky,67.4667,78.7,-11.78,89,100,15.97,RU,1610938800
434,Broken Hill,-31.95,141.4333,79.18,23,3,11.63,AU,1610938800
435,Hauterive,46.0901,3.4459,35.29,93,95,1.45,FR,1610938800
436,Alkhan-Kala,43.25,45.53,37.09,89,95,4.21,RU,1610938800
437,Lagoa,39.05,-27.9833,61.75,82,53,28.5,PT,1610938800
438,Uspenka,48.3903,39.1619,9.99,95,100,8.7,UA,1610938800
439,Princeton,25.5384,-80.4089,61.14,66,95,3.09,US,1610938800
440,Sungai Raya,0.7,108.9,82.44,76,99,14.43,ID,1610938800
441,Bonavista,48.6499,-53.1147,37.98,95,100,12.28,CA,1610938800
442,Inírida,3.8653,-67.9239,74.44,95,72,2.08,CO,1610938800
443,Bariloche,-41.1456,-71.3082,57.22,65,0,6.35,AR,1610938800
444,Tārūt,26.5733,50.0369,65.61,60,6,7.25,SA,1610938800
445,Cockburn Town,21.4612,-71.1419,78.13,80,100,14.83,TC,1610938800
446,Voznesen'ye,61.0106,35.4781,13.03,96,85,7.81,RU,1610938800
447,Djenné,13.9061,-4.5533,68.18,21,52,11.95,ML,1610938800
448,Camacha,33.0833,-16.3333,56.23,66,85,4.32,PT,1610938800
449,Erdenet,49.0333,104.0833,6.03,87,97,3.56,MN,1610938800
450,Teya,60.3778,92.6267,0.48,90,100,4.25,RU,1610938800
451,Meulaboh,4.1363,96.1285,82.9,74,100,1.81,ID,1610938800
452,Alofi,-19.0595,-169.9187,84.78,71,61,10.45,NU,1610938800
453,Kyren,51.6828,102.1408,14.56,87,76,0.36,RU,1610938800
454,Bandar-e Anzali,37.4727,49.4622,55.78,52,79,14.27,IR,1610938800
455,Kenora,49.8167,-94.4337,7.18,90,94,5.7,CA,1610938800
456,Salekhard,66.53,66.6019,-16.46,88,100,3.0,RU,1610938800
457,Westport,41.1415,-73.3579,39.63,69,58,10.07,US,1610938800
458,Nantucket,41.2835,-70.0995,42.53,67,1,25.86,US,1610938800
459,Bocas del Toro,9.3333,-82.25,78.15,77,52,7.54,PA,1610938800
460,South Venice,27.0531,-82.4243,60.71,78,49,4.94,US,1610938800
461,Tuy Hoa,13.0833,109.3,71.17,80,71,21.47,VN,1610938800
462,Kunming,25.0389,102.7183,42.04,67,5,2.44,CN,1610938800
463,Ubari,26.5921,12.7805,40.15,70,0,2.42,LY,1610938800
464,Tokur,53.1333,132.9,-19.91,87,96,2.86,RU,1610938800
465,Padang,-0.9492,100.3543,83.7,68,63,3.65,ID,1610938800
466,Shenzhen,22.5455,114.0683,60.15,36,39,7.85,CN,1610938800
467,Mogocha,53.7333,119.7667,-17.3,78,0,2.37,RU,1610938800
468,Dublin,37.7021,-121.9358,58.78,48,1,0.54,US,1610938800
469,Luanda,-8.8368,13.2343,76.19,84,59,6.78,AO,1610938800
470,Kahului,20.8947,-156.47,76.96,77,63,2.44,US,1610938800
471,Acaraú,-2.8856,-40.12,79.52,79,99,11.16,BR,1610938800
472,Wajima,37.4,136.9,42.66,82,87,27.72,JP,1610938800
473,Quatre Cocos,-20.2078,57.7625,79.45,79,76,15.95,MU,1610938800
474,Baghdad,33.3406,44.4009,56.19,64,4,8.7,IQ,1610938800
475,Xunchang,28.4543,104.715,47.5,69,11,1.9,CN,1610938800
476,Atbasar,51.8,68.3333,3.22,92,13,5.26,KZ,1610938800
477,Port Blair,11.6667,92.75,82.24,74,39,19.55,IN,1610938800
478,Foam Lake,51.65,-103.5343,14.86,91,100,6.38,CA,1610938800
479,High Level,58.5169,-117.136,11.98,94,56,2.17,CA,1610938800
480,Upata,8.0086,-62.3989,73.51,89,75,3.74,VE,1610938800
481,Wasilla,61.5814,-149.4394,33.64,86,95,1.7,US,1610938800
482,Northam,51.0333,-4.2167,42.67,88,98,11.14,GB,1610938800
483,Mattru,7.6244,-11.8332,72.5,96,19,2.44,SL,1610938800
484,Santa Cruz de la Sierra,-17.8,-63.1667,69.71,67,87,15.5,BO,1610938800
485,Karakulino,56.012,53.7067,-13.65,90,38,1.1,RU,1610938800
486,Yeppoon,-23.1333,150.7333,85.06,59,66,13.76,AU,1610938800
487,Kalmunai,7.4167,81.8167,78.93,85,83,10.6,LK,1610938800
488,Kampot,10.6167,104.1833,77.61,49,9,18.84,KH,1610938800
489,Hurghada,27.2574,33.8129,58.15,42,0,13.53,EG,1610938800
490,Hong Kong,22.2855,114.1577,58.14,42,31,6.06,HK,1610938800
491,Aksarka,66.5606,67.7975,-17.16,87,100,16.87,RU,1610938800
492,Vostok,46.4856,135.8833,2.55,85,70,0.83,RU,1610938800
493,Denpasar,-8.65,115.2167,83.84,76,60,9.71,ID,1610938800
494,Phalodi,27.1333,72.3667,59.76,51,0,7.34,IN,1610938800
495,Filingué,14.3521,3.3168,71.44,21,87,9.89,NE,1610938800
496,Atambua,-9.1061,124.8925,80.19,82,100,2.42,ID,1610938800
497,Arvin,35.2091,-118.8284,58.23,55,0,0.92,US,1610938800
498,Horki,54.2861,30.9842,-8.66,91,67,4.47,BY,1610938800
499,Ojinaga,29.5667,-104.4167,58.03,28,1,3.8,MX,1610938800
500,Mackay,-21.15,149.2,82.9,73,69,12.19,AU,1610938800
501,Praia da Vitória,38.7333,-27.0667,61.38,88,45,23.35,PT,1610938800
502,Lufilufi,-13.8745,-171.5986,84.56,79,59,11.18,WS,1610938800
503,Coyhaique,-45.5752,-72.0662,56.01,76,87,7.81,CL,1610938800
504,Vârfurile,46.3167,22.5167,15.22,93,33,0.29,RO,1610938800
505,Zhangye,38.9342,100.4517,27.0,69,0,1.14,CN,1610938800
506,Ligayan,4.6533,119.4706,79.84,72,100,1.97,PH,1610938800
507,Şuhut,38.5311,30.5458,17.69,93,80,3.56,TR,1610938800
508,Frankfort,-27.2667,28.4833,62.38,87,53,7.38,ZA,1610938800
509,Zyryanka,65.75,150.85,-36.27,82,100,6.33,RU,1610938800
510,Além Paraíba,-21.8878,-42.7044,70.0,83,35,1.41,BR,1610938800
511,Sovetskiy,61.3614,63.5842,-14.91,88,76,7.05,RU,1610938800
512,São João da Barra,-21.6403,-41.0511,75.92,84,5,16.64,BR,1610938800
513,Rybnoye,54.7256,39.5119,-10.93,90,81,6.71,RU,1610938800
514,Kenai,60.5544,-151.2583,31.01,92,52,4.72,US,1610938800
515,Illapel,-31.6308,-71.1653,59.18,57,0,1.12,CL,1610938800
516,Beyla,8.6833,-8.6333,68.76,23,8,3.13,GN,1610938800
517,Heiligenhafen,54.3667,10.9833,29.82,90,95,10.94,DE,1610938800
518,Río Gallegos,-51.6226,-69.2181,56.82,64,46,21.47,AR,1610938800
519,Ixtapa,20.7,-105.2,66.9,77,1,1.61,MX,1610938800
520,Mildura,-34.2,142.15,80.47,23,0,12.19,AU,1610938800
521,Den Helder,52.9599,4.7593,42.87,86,70,18.77,NL,1610938800
522,Krasnosel'kup,65.7,82.4667,-4.07,91,100,9.1,RU,1610938800
523,Port Lincoln,-34.7333,135.8667,65.8,68,100,10.92,AU,1610938800
524,Juneau,58.3019,-134.4197,38.05,83,95,6.67,US,1610938800
525,Koslan,63.4564,48.8989,-6.25,91,83,2.33,RU,1610938800
526,Xuzhou,34.1805,117.1571,41.74,71,0,5.77,CN,1610938800
527,Wichita Falls,33.9137,-98.4934,45.28,46,1,5.1,US,1610938800
528,Marsaxlokk,35.8419,14.5431,58.48,75,69,35.93,MT,1610938800
529,Kyakhta,50.3508,106.4494,-0.85,86,98,1.88,RU,1610938800
530,Bowen,-20.0167,148.2333,81.16,79,95,15.82,AU,1610938800
531,Beringovskiy,63.05,179.3167,-14.06,87,9,9.8,RU,1610938800
532,St. Pete Beach,27.7253,-82.7412,60.69,81,95,5.48,US,1610938800
533,Villa Carlos Paz,-31.4241,-64.4978,62.91,59,0,4.76,AR,1610938800
534,Esim,4.8699,-2.2405,78.69,84,3,5.7,GH,1610938800
535,St. George's,12.0564,-61.7485,77.85,81,62,16.87,GD,1610938800
536,Huarmey,-10.0681,-78.1522,70.47,82,79,6.87,PE,1610938800
537,Glace Bay,46.1969,-59.957,38.48,76,80,23.85,CA,1610938800
538,Mocuba,-16.8392,36.9856,75.02,92,100,3.38,MZ,1610938800
539,Georgiyevka,43.0369,74.7114,30.58,89,94,4.0,KZ,1610938800
540,Payson,40.0444,-111.7321,36.23,72,38,2.17,US,1610938800
541,Kasongo-Lunda,-6.4667,16.8167,67.82,79,74,0.76,CD,1610938800
542,Valparaíso,-33.0393,-71.6273,56.64,88,1,5.82,CL,1610938800
543,Katsuura,35.1333,140.3,43.0,77,85,8.66,JP,1610938800
544,Warmbad,-28.45,18.7333,73.49,30,0,5.7,NA,1610938800
545,Altamira,-3.2033,-52.2064,73.94,95,77,1.95,BR,1610938800
546,Yook,13.2261,121.964,81.41,78,99,11.27,PH,1610938800
547,Çorum Province,40.5,34.75,24.71,100,96,3.44,TR,1610938800
548,Kargopol',61.5071,38.9456,10.35,96,98,4.41,RU,1610938800
549,Laas,46.6166,10.7002,22.8,80,76,7.52,IT,1610938800
550,Esqueda,30.7167,-109.5833,58.19,33,0,1.19,MX,1610938800
551,Dzhebariki-Khaya,62.2167,135.8,-48.24,73,69,1.48,RU,1610938800
552,Imbituba,-28.24,-48.6703,75.88,93,69,4.76,BR,1610938800
553,Grindavik,63.8424,-22.4338,38.25,95,87,21.72,IS,1610938800
554,Tigil',57.8,158.6667,23.59,91,100,20.85,RU,1610938800
555,Thanh Hoa,19.8,105.7667,62.67,47,16,11.77,VN,1610938800
556,Sept-Îles,50.2001,-66.3821,32.99,97,100,9.95,CA,1610938800
557,Gandara,12.013,124.8118,75.56,93,100,7.56,PH,1610938800
558,Aripuanã,-9.1667,-60.6333,73.78,97,93,1.63,BR,1610938800
559,Olinda,-8.0089,-34.8553,77.97,76,33,7.76,BR,1610938800
560,Baruun-Urt,46.6806,113.2792,-12.23,85,50,4.18,MN,1610938800
561,Río Tercero,-32.173,-64.1141,63.72,55,0,7.29,AR,1610938800
562,Angola,-12.5,18.5,61.32,93,100,2.93,AO,1610938800
563,Sioux Lookout,50.1001,-91.917,12.65,94,94,3.78,CA,1610938800
564,Zhigansk,66.7697,123.3711,-48.21,77,62,4.63,RU,1610938800
565,Loncoche,-39.3667,-72.6333,55.04,85,0,3.49,CL,1610938800
566,Novodugino,55.6305,34.2842,-11.69,90,9,2.35,RU,1610938800
567,Locri,38.2414,16.2623,49.3,82,87,12.37,IT,1610938800
568,Sayyan,15.1718,44.3244,42.53,58,52,1.83,YE,1610938800
569,Umluj,25.0213,37.2685,65.95,51,16,12.5,SA,1610938800
570,Yenotayevka,47.2456,47.0281,22.93,92,100,15.57,RU,1610938800
571,Dingle,10.9995,122.6711,76.82,90,100,10.27,PH,1610938800
572,Kedrovyy,56.1667,91.8167,17.8,77,49,10.25,RU,1610938800
573,Ust-Nera,64.5667,143.2,-29.29,74,94,4.65,RU,1610938800
574,Duiwelskloof,-23.6934,30.14,66.11,95,100,5.91,ZA,1610938800
575,Opuwo,-18.0607,13.84,65.53,62,100,2.68,NA,1610938800
576,Grand-Santi,4.25,-54.3833,72.68,96,99,1.68,GF,1610938800
577,Gashua,12.871,11.0482,66.92,25,0,12.53,NG,1610938800
578,San Cristobal,7.7669,-72.225,65.66,86,21,1.79,VE,1610938800
579,Lumphat,13.4878,106.9816,77.7,59,1,7.43,KH,1610938800
580,Primorsko-Akhtarsk,46.0497,38.1747,23.88,96,100,11.23,RU,1610938800
581,Khovd,48.0056,91.6419,2.52,79,42,1.5,MN,1610938800
582,Bandundu Province,-3.3167,17.3667,72.21,89,88,1.14,CD,1610938800
583,Zaraza,9.3503,-65.3245,74.53,77,62,7.7,VE,1610938800
584,Songea,-10.6833,35.65,63.5,98,94,3.78,TZ,1610938800
585,Bumba,2.1833,22.4667,71.1,89,83,1.54,CD,1610938800
586,Ust'-Ilimsk,58.0006,102.6619,-5.89,90,100,5.03,RU,1610938800
587,Sun City West,33.662,-112.3413,60.35,22,1,2.19,US,1610938800
588,Ezequiel Montes,20.6667,-99.8833,58.89,53,38,5.73,MX,1610938800
589,Ţahţā,26.7693,31.5021,45.81,64,0,2.8,EG,1610938800
590,Ussel,45.55,2.3167,32.36,72,95,0.63,FR,1610938800
591,Kavaratti,10.5669,72.642,82.08,73,0,7.65,IN,1610938800
592,Puerto Escondido,15.85,-97.0667,76.28,77,20,3.2,MX,1610938800
593,Ust'-Karsk,52.7011,118.8077,-16.19,75,0,3.31,RU,1610938800
594,Calamar,10.2511,-74.9146,77.94,81,0,5.26,CO,1610938800
